v2.0 raw
00000005
0000000d
0000002B
000000A9
000000AF
000000D1
00000000
00000000
00000000
00000000
00000000
00000000
00000000
00000001
00000002
00000003
00000001
00000003
00000009
00000002
00000006
0000000b
00000001
00000002
00000003
00000001
00000003
00000008
00000002
00000007
00000004
00000003
00000001
00000003
0000000c
00000002
00000008
0000000b
00000001
00000002
00000003
00000001
00000003
0000000d
00000002
00000009
0000000b
00000001
00000003
0000000e
00000002
0000000a
0000000b
0000000a
00000003
00000001
00000004
00000009
00000002
0000000b
0000000b
00000001
00000005
0000000f
00000002
0000000c
0000000b
00000001
00000006
00000007
00000001
00000007
00000007
00000001
00000008
00000007
00000001
00000009
00000007
00000001
0000000a
00000007
00000001
0000000b
00000007
00000001
0000000c
00000007
00000000
