v2.0 raw
00000005
0000000d
00000000
00000008
00000000
00000002
00000004
00000006
00000008
0000000A
0000000C
0000000E
00000010
00000001
00000005
00000003
00000001
00000006
00000009
00000003
00000001
00000007
00000009
00000003
00000001
00000008
00000009
00000003
00000001
00000009
00000009
00000003
00000001
0000000a
00000009
00000003
00000001
0000000b
00000009
00000003
00000001
0000000c
00000009
00000002
00000002
00000005
0000002f
0000000a
00000006
00000049
00000001
00000003
00000003
00000001
00000002
00000008
00000002
00000002
00000001
00000004
00000003
0000000b
0000000a
00000009
00000002
00000004
00000001
00000002
00000003
0000000b
0000000d
00000005
00000030
00000001
00000004
00000007
00000000
